Edelar/MEM	Capital	Chilecito	Aimogasta	Sur	Villa Unión	Total	S.A.D.I.	s/ctro lectura	 s/DTE 	diferenc		%
01/1997	 -   	 -   	 -   	 -   	 -   	 -   						
02/1997	 -   	 -   	 -   	 -   	 -   	 -   						
03/1997	 -   	 -   	 -   	 -   	 -   	 -   						
04/1997	 -   	 -   	 -   	 -   	 -   	 -   						
05/1997	 22.595 	 5.623 	 2.564 	 2.874 	 -   	 33.656 	 33.886 					
06/1997	 24.380 	 5.663 	 2.391 	 2.981 	 -   	 35.415 	 35.932 					
07/1997	 24.739 	 6.062 	 2.504 	 3.047 	 -   	 36.352 	 36.575 					
08/1997	 23.919 	 6.605 	 2.616 	 2.906 	 -   	 36.045 	 36.332 					
09/1997	 22.930 	 7.026 	 2.788 	 2.705 	 -   	 35.449 	 35.897 					
10/1997	 24.864 	 8.459 	 3.446 	 2.933 	 -   	 39.702 	 39.833 					
11/1997	 24.238 	 8.940 	 3.550 	 2.907 	 -   	 39.634 	 39.917 					
12/1997	 23.191 	 9.425 	 3.837 	 3.198 	 -   	 39.651 	 40.110 					
01/1998	 25.498 	 9.310 	 3.746 	 3.273 	 -   	 41.827 	 42.374 					
02/1998	 23.105 	 7.015 	 3.298 	 2.702 	 -   	 36.120 	 36.395 					
03/1998	 25.873 	 7.159 	 3.692 	 3.021 	 -   	 39.745 	 40.122 					
04/1998	 23.898 	 5.959 	 3.278 	 2.875 	 -   	 36.010 	 36.293 	
05/1998	 24.258 	 5.560 	 2.825 	 3.018 	 -   	 35.661 	 35.901 	
06/1998	 25.759 	 5.712 	 2.758 	 3.223 	 -   	 37.451 	 37.669 	
07/1998	 26.536 	 6.071 	 3.040 	 3.099 	 -   	 38.746 	 39.110 	
08/1998	 26.037 	 6.297 	 3.197 	 3.090 	 0.932 	 39.554 	 39.746 	
09/1998	 26.043 	 7.001 	 3.279 	 2.932 	 0.829 	 40.084 	 40.459 	
10/1998	 27.444 	 8.084 	 3.686 	 3.206 	 0.864 	 43.284 	 43.680 	
11/1998	 28.122 	 8.653 	 4.025 	 3.224 	 0.849 	 44.873 	 45.383 	
12/1998	 26.454 	 10.252 	 4.520 	 3.738 	 0.960 	 45.924 	 46.257 	
01/1999	 27.837 	 9.279 	 4.258 	 3.469 	 0.970 	 45.813 	 46.669 	
02/1999	 28.772 	 8.344 	 4.230 	 3.502 	 0.943 	 45.790 	 46.252 	
03/1999	 30.101 	 8.426 	 4.350 	 3.575 	 0.936 	 47.389 	 47.958 	
04/1999	 25.609 	 6.345 	 3.772 	 3.144 	 0.846 	 39.715 	 40.136 	
05/1999	 28.097 	 6.114 	 3.380 	 3.503 	 0.936 	 42.028 	 42.402 	
06/1999	 28.604 	 6.355 	 3.146 	 3.915 	 1.016 	 43.036 	 43.346 	
07/1999	 30.534 	 6.733 	 3.386 	 3.925 	 1.046 	 45.624 	 45.972 	
08/1999	 28.191 	 7.443 	 3.561 	 3.513 	 0.987 	 43.696 	 44.027 				
09/1999	 28.121 	 7.838 	 3.736 	 3.278 	 0.922 	 43.896 	 44.369 				
10/1999	 28.248 	 8.320 	 4.090 	 3.527 	 0.952 	 45.138 	 45.746 				
11/1999	 29.498 	 8.984 	 4.277 	 3.369 	 0.929 	 47.057 	 47.668 				
12/1999	 27.709 	 9.297 	 4.780 	 3.793 	 0.996 	 46.575 	 47.187 				
01/2000	 28.800 	 9.315 	 4.478 	 3.467 	 1.033 	 47.094 	 47.602 				
02/2000	 29.066 	 8.563 	 3.960 	 3.148 	 0.959 	 45.696 	 46.037 				
03/2000	 29.621 	 8.699 	 3.737 	 3.239 	 1.033 	 46.329 	 46.739 				
04/2000	 26.645 	 6.325 	 3.343 	 3.177 	 0.915 	 40.405 	 40.825 				
05/2000	 28.105 	 6.236 	 3.353 	 3.707 	 1.034 	 42.436 	 42.913 				
06/2000	 28.467 	 5.900 	 3.012 	 3.994 	 1.020 	 42.394 	 42.838 				
07/2000	 30.628 	 6.127 	 3.153 	 4.248 	 1.057 	 45.213 	 45.651 				
08/2000	 27.762 	 7.027 	 3.437 	 3.827 	 1.007 	 43.060 	 43.571 				
09/2000	 27.202 	 8.010 	 3.957 	 3.539 	 0.939 	 43.646 	 44.219 				
10/2000	 28.362 	 9.158 	 4.749 	 3.665 	 0.957 	 46.891 	 47.495 				
11/2000	 29.824 	 10.186 	 5.131 	 3.568 	 0.925 	 49.633 	 50.319 				
12/2000	 31.346 	 11.055 	 5.553 	 3.939 	 1.013 	 52.906 	 53.977 		
01/2001	 31.830 	 10.795 	 5.888 	 3.743 	 1.141 	 53.397 	 54.705 		
02/2001	 32.095 	 8.890 	 5.212 	 4.074 	 1.011 	 51.282 	 52.006 		
03/2001	 31.983 	 8.629 	 5.012 	 3.391 	 1.076 	 50.091 	 51.340 		
04/2001	 25.479 	 6.636 	 4.495 	 2.984 	 0.973 	 40.567 	 41.344 		
05/2001	 28.294 	 6.969 	 3.933 	 3.278 	 1.072 	 43.547 	 44.359 		
06/2001	 28.128 	 6.525 	 3.236 	 3.315 	 1.094 	 42.298 	 43.509 		
07/2001	 29.368 	 6.865 	 3.401 	 3.239 	 1.086 	 43.959 	 44.997 		
08/2001	 27.325 	 7.438 	 3.981 	 3.004 	 1.078 	 42.827 	 44.037 		
09/2001	 26.726 	 8.398 	 4.463 	 2.898 	 0.970 	 43.454 	 44.602 		
10/2001	 27.526 	 9.859 	 4.946 	 2.909 	 1.062 	 46.302 	 47.945 		
11/2001	 31.346 	 10.449 	 5.423 	 3.045 	 0.979 	 51.242 	 52.862 		
12/2001	 31.849 	 10.852 	 5.601 	 3.469 	 1.120 	 52.891 	 54.391 		
01/2002	 31.425 	 10.779 	 5.432 	 3.715 	 1.082 	 52.433 	 54.007 		
02/2002	 26.426 	 9.161 	 4.766 	 3.904 	 0.960 	 45.217 	 46.061 		
03/2002	 31.632 	 9.161 	 4.766 	 3.904 	 0.960 	 50.423 	 52.143 		
04/2002	 26.463 	 7.092 	 3.894 	 3.240 	 0.953 	 41.643 	 42.196 		
05/2002	 26.224 	 6.412 	 3.360 	 2.868 	 1.003 	 39.867 	 40.780 		
06/2002	 27.726 	 6.695 	 3.034 	 3.380 	 1.052 	 41.887 	 42.753 		
07/2002	 29.282 	 6.935 	 3.282 	 3.730 	 1.055 	 44.283 	 44.828 		
08/2002	 27.962 	 7.375 	 4.217 	 3.380 	 1.015 	 43.949 	 44.440 		
09/2002	 28.236 	 9.497 	 5.063 	 3.121 	 0.925 	 46.842 	 47.550 		
10/2002	 33.505 	 11.125 	 5.833 	 3.161 	 1.004 	 54.629 	 56.469 		
11/2002	 35.361 	 12.123 	 6.269 	 3.300 	 0.996 	 58.050 	 59.245 		
12/2002	 33.633 	 11.286 	 5.945 	 3.600 	 1.060 	 55.523 	 56.794 		
01/2003	 36.190 	 13.020 	 6.631 	 3.900 	 1.135 	 60.876 	 62.425 		
02/2003	 34.343 	 11.959 	 6.106 	 3.317 	 0.995 	 56.721 	 58.367 		
03/2003	 34.116 	 10.546 	 6.059 	 3.581 	 1.080 	 55.382 	 56.428 		
04/2003	 28.174 	 8.098 	 4.881 	 3.328 	 0.946 	 45.427 	 46.031 		
05/2003	 29.417 	 7.597 	 3.919 	 3.682 	 1.000 	 45.615 	 45.845 		
06/2003	 29.338 	 7.079 	 3.429 	 3.204 	 1.005 	 44.055 	 44.811 		
07/2003	 32.271 	 8.242 	 3.919 	 3.511 	 1.108 	 49.051 	 49.937 		
08/2003	 33.200 	 9.893 	 4.818 	 3.626 	 1.099 	 52.636 	 53.422 		
09/2003	 32.766 	 10.994 	 5.751 	 3.422 	 1.001 	 53.934 	 54.755 		
10/2003	 38.512 	 12.584 	 6.580 	 4.117 	 1.036 	 62.828 	 63.682 		
11/2003	 41.819 	 13.859 	 7.173 	 4.170 	 1.127 	 68.148 	 69.222 		
12/2003	 41.480 	 15.028 	 7.782 	 4.127 	 1.209 	 69.626 	 71.193 		
01/2004	 43.228 	 14.819 	 7.410 	 4.262 	1.231	 70.950 	 72.559 		
02/2004	 39.189 	 12.404 	 6.551 	 3.705 	1.107	 62.956 	 64.050 		
03/2004	 42.122 	 13.044 	 6.755 	 3.909 	1.215	 67.045 	 68.363 		
04/2004	 34.724 	 9.851 	 5.654 	 3.289 	1.089	 54.607 	 55.727 		
05/2004	 33.698 	 8.882 	 4.178 	 3.705 	1.205	 51.667 	 52.565 		
06/2004	 33.497 	 8.687 	 4.002 	 3.658 	1.173	 51.017 	 51.928 		
07/2004	 35.142 	 8.754 	 4.263 	 4.050 	1.199	 53.408 	 54.019 		
08/2004	 36.858 	 10.767 	 5.304 	 4.037 	1.210	 58.177 	 58.913 		
09/2004	 37.531 	 12.787 	 6.159 	 3.798 	1.090	 61.365 	 62.173 		
10/2004	 40.820 	 14.294 	 7.350 	 4.056 	1.131	 67.651 	 68.760 		
11/2004	 42.713 	 14.964 	 7.484 	 4.379 	1.109	 70.649 	 71.805 		
12/2004	 44.494 	 15.872 	 7.869 	 4.807 	1.243	 74.284 	 75.768 		
01/2005	 46.315 	 15.461 	 8.193 	 5.148 	1.240	 76.357 	 77.345 		
02/2005	 42.656 	 13.697 	 7.372 	 4.501 	1.077	 69.303 	 70.400 		
03/2005	 42.974 	 13.377 	 7.254 	 4.134 	1.202	 68.941 	 70.329 		
04/2005	 35.077 	 9.882 	 5.971 	 3.611 	1.031	 55.573 	 56.436 		
05/2005	 35.821 	 9.034 	 5.337 	 4.383 	1.232	 55.807 	 56.581 		
06/2005	 36.937 	 9.036 	 4.855 	 4.020 	1.265	 56.114 	 57.110 		
07/2005	 37.110 	 9.887 	 5.102 	 4.421 	1.330	 57.851 	 59.328 		
08/2005	 38.958 	 11.189 	 5.898 	 4.781 	1.255	 62.081 	 62.396 		
09/2005	 39.457 	 11.854 	 6.417 	 3.956 	1.237	 62.921 	 64.074 		
10/2005	 41.535 	 13.018 	 7.560 	 4.488 	1.224	 67.825 	 68.696 		
11/2005	 48.077 	 14.933 	 8.369 	 5.151 	1.024	 77.554 	 78.755 		
12/2005	 47.867 	 16.253 	 8.617 	 5.087 	0.695	 78.519 	 80.804 		
01/2006	 47.925 	 15.209 	 8.561 	 5.268 	1.331	 78.294 	 79.878 		
02/2006	 48.330 	 13.315 	 7.768 	 4.737 	1.212	 75.363 	 76.208 		
03/2006	 49.664 	 14.268 	 8.593 	 5.054 	1.374	 78.952 	 80.107 		
04/2006	 38.932 	 10.427 	 6.459 	 3.920 	1.247	 60.985 	 62.122 						
05/2006	 40.847 	 9.565 	 5.586 	 4.230 	1.362	 61.591 	 62.496 						
06/2006	 39.718 	 9.819 	 5.079 	 4.449 	1.432	 60.497 	 61.506 						
07/2006	 40.807 	 10.037 	 4.740 	 4.717 	1.500	 61.801 	 62.650 						
08/2006	 43.723 	 12.278 	 6.149 	 4.737 	1.405	 68.293 	 69.476 						
09/2006	 43.448 	 12.900 	 7.264 	 4.326 	1.419	 69.357 	 70.248 						
10/2006	 49.997 	 15.230 	 8.741 	 4.706 	1.390	 80.063 	 81.954 						
11/2006	 51.032 	 16.566 	 8.878 	 4.602 	1.451	 82.529 	 84.668 						
12/2006	 52.403 	 17.826 	 9.443 	 5.106 	1.436	 86.213 	 88.901 						
01/2007	 50.747 	 16.265 	 9.245 	 5.395 	1.412	 83.064 	 85.049 	85,049.054	 85,053.463 	 4.41 		0.0%	
02/2007	 51.074 	 14.284 	 8.817 	 4.774 	1.301	 80.250 	 82.002 	82,001.967	 81,981.943 	 -20.02 		0.0%	
03/2007	 50.919 	 15.226 	 8.826 	 4.983 	1.462	 81.416 	 83.221 	83,220.964	 83,193.649 	 -27.31 		0.0%	
04/2007	 44.483 	 11.164 	 7.242 	 4.723 	1.323	 68.935 	 70.624 	70,623.537	 69,503.610 	 -1,119.93 		1.6%	
05/2007	 45.486 	 11.225 	 6.211 	 5.051 	1.575	 69.548 	 70.872 	70,871.550	 70,858.630 	 -12.92 		0.0%	
06/2007	 45.462 	 11.599 	 5.545 	 5.271 	1.646	 69.522 	 70.985 	70,985.416	 70,985.445 	 0.03 		0.0%	
07/2007	 46.477 	 12.144 	 5.693 	 5.686 	1.715	 71.714 	 73.546 	73,546.019	 73,545.815 	 -0.20 		0.0%	
08/2007	 49.900 	 12.500 	 6.653 	 5.654 	1.704	 76.410 	 79.232 	79,231.948	 79,216.921 	 -15.03 		0.0%		
09/2007	 45.799 	 13.889 	 7.403 	 4.687 	1.549	 73.327 	 74.153 	74,322.959	 74,153.312 	 -169.65 		0.2%		
10/2007	 53.591 	 16.108 	 8.925 	 4.952 	1.533	 85.109 	 86.297 	86,297.298	 86,297.187 	 -0.11 		0.0%		
11/2007	 57.930 	 16.973 	 9.270 	 5.236 	1.469	 90.878 	 91.387 	91,386.719	 91,386.621 	 -0.10 		0.0%		
12/2007	 55.042 	 17.656 	 9.636 	 5.913 	1.623	 89.870 	 91.957 	 91,956.688 	 92,704.142 	 747.45 		-0.8%		
01/2008	 62.215 	 18.021 	 9.977 	 5.980 	1.661	 97.853 	 87.386 	 96,794.540 	 97,462.527 	 667.99 		-0.7%		
02/2008	 52.968 	 14.932 	 9.461 	 5.065 	1.389	 83.816 	 78.136 	85,917.317	 85,917.539 	 0.22 		0.0%		
03/2008	 49.706 	 14.032 	 8.936 	 5.168 	1.538	 79.379 	 74.922 	80,775.183	 80,775.314 	 0.13 		0.0%		
04/2008	 44.471 	 10.569 	 7.870 	 4.892 	1.474	 69.276 	 67.262 	70,439.773	 70,439.675 	 -0.10 		0.0%		
05/2008	 45.753 	 11.836 	 6.567 	 5.311 	1.656	 71.124 	 72.448 	72,437.722	 72,436.845 	 -0.88 		0.0%		
06/2008	 47.660 	 10.932 	 6.350 	 6.225 	1.931	 73.099 	 75.128 	76,793.281	 76,793.569 	 0.29 		0.0%		
07/2008	 43.822 	 13.990 	 6.834 	 5.652 	1.845	 72.142 	 71.739 	71,991.581	 71,987.662 	 -3.92 		0.0%		
08/2008	 45.238 	 13.596 	 7.504 	 5.379 	1.953	 73.670 	 75.239 	75,238.521	 75,476.594 	 238.07 		-0.3%		
09/2008	 47.286 	 15.087 	 8.874 	 4.537 	1.711	 77.496 	 80.411 	80,419.590	 80,486.324 	 66.73 		-0.1%		
10/2008	 50.427 	 17.393 	 9.857 	 5.447 	1.639	 84.763 	 85.699 	88,033.469	 88,033.334 	 -0.14 		0.0%		
11/2008	 60.336 	 17.851 	 10.108 	 5.823 	1.627	 95.745 	 93.903 	98,391.300	 98,899.092 	 507.79 		-0.5%		
12/2008	 59.359 	 19.416 	 10.634 	 6.162 	1.682	 97.253 	 95.441 	98,523.703	 98,999.829 	 476.13 		-0.5%				
01/2009	 50.868 	 18.647 	 10.416 	 6.063 	1.657	 87.650 	 90.651 	90,405.108	 90,651.177 	 246.07 		-0.3%				
02/2009	 54.501 	 17.163 	 10.024 	 5.643 	1.546	 88.877 	 91.507 	91,066.072	 91,505.968 	 439.90 		-0.5%				
03/2009	 52.617 	 16.785 	 9.720 	 6.023 	1.705	 86.850 	 89.732 	89,732.078	 89,731.848 	 -0.23 		0.0%				
04/2009	 47.077 	 13.778 	 8.092 	 5.576 	1.585	 76.107 	 77.240 	77,240.110	 77,239.919 	 -0.19 		0.0%				
05/2009	 44.232 	 12.621 	 7.243 	 5.708 	1.778	 71.581 	 72.930 	72,765.723	 72,805.257 	 39.53 		-0.1%				
06/2009	 46.684 	 13.619 	 6.935 	 6.324 	2.023	 75.585 	 77.495 	77,049.423	 77,611.151 	 561.73 		-0.7%				
07/2009	 52.712 	 14.601 	 7.493 	 6.975 	2.234	 84.015 	 86.985 	86,194.768	 86,985.526 	 790.76 		-0.9%				
08/2009	 44.716 	 15.135 	 8.239 	 6.000 	1.958	 76.048 	 78.439 	78,154.325	 78,438.269 	 283.94 		-0.4%				
09/2009	 49.338 	 16.873 	 9.393 	 5.505 	1.770	 82.879 	 85.554 	85,412.226	 85,554.490 	 142.26 		-0.2%				
10/2009	 56.893 	 18.618 	 9.970 	 5.858 	1.838	 93.177 	 94.602 	94,598.886	 94,601.760 	 2.87 		0.0%				
11/2009	 66.593 	 20.583 	 10.375 	 6.414 	1.722	 105.687 	 109.992 	109,992.174	 103,872.101 	 -6,120.07 		5.9%				
12/2009	 58.525 	 21.183 	 10.853 	 6.634 	1.859	 99.055 	 103.228 	103,228.415	 95,500.160 	 -7,728.25 		8.1%				
01/2010	 67.298 	 21.988 	 11.559 	 7.097 	1.878	 109.820 	 114.616 	114,616.415	 104,927.677 	 -9,688.74 		9.2%				
02/2010	 58.891 	 20.393 	 10.815 	 5.973 	 -   	 96.074 	 101.651 	101,650.784	 101,650.752 	 -0.03 		0.0%				
03/2010	 63.526 	 21.568 	 11.255 	 6.341 	 -   	 102.690 	 106.941 	106,940.804	 106,941.084 	 0.28 		0.0%				
04/2010	 47.414 	 17.203 	 9.232 	 5.608 	 -   	 79.457 	 82.680 	82,679.681	 82,679.877 	 0.20 		0.0%				
05/2010	 49.838 	 17.680 	 8.059 	 6.526 	 -   	 82.103 	 86.143 	86,142.927	 86,144.448 	 1.52 		0.0%				
06/2010	 51.619 	 17.561 	 7.732 	 7.003 	 -   	 83.914 	 89.054 	89,053.840	 89,055.586 	 1.75 		0.0%				
07/2010	 57.039 	 19.705 	 8.657 	 7.674 	 -   	 93.075 	 96.581 	96,580.954	 96,581.014 	 0.06 		0.0%				
08/2010	 56.416 	 18.563 	 9.102 	 7.105 	 2.331 	 93.516 	 96.581 	96,580.971	 96,212.761 	 -368.21 		0.4%				
09/2010	 51.196 	 18.248 	 9.397 	 6.015 	 1.878 	 86.734 	 90.250 	96,580.987	 95,844.508 	 -736.48 		0.8%				
10/2010	 53.210 	 20.387 	 9.938 	 6.079 	 1.821 	 91.435 	 95.454 	96,581.003	 95,476.255 	 -1,104.75 		1.2%				
11/2010	 59.311 	 22.248 	 10.324 	 6.244 	 1.763 	 99.890 	 104.804 	96,581.003	 95,476.255 	 -1,104.75 		1.2%				
12/2010	 62.780 	 25.075 	 11.680 	 7.289 	 1.919 	 108.743 	 115.209 	96,581.003	 95,476.255 	 -1,104.75 		1.2%				
01/2011	 62.441 	 23.649 	 11.256 	 7.202 	 1.990 	 106.539 	 112.638 	96,581.003	 95,476.255 	 -1,104.75 		1.2%				
02/2011	 55.029 	 18.499 	 10.008 	 6.285 	 1.672 	 91.493 	 95.908 	96,581.003	 95,476.255 	 -1,104.75 		1.2%				
