Edelar/Distribuidora	Capital	Chilecito	Aimogasta	Sur	Villa Unión	Total							
01/1997	 -   	 -   	 -   	 -   	 -   	 -   							
02/1997	 -   	 -   	 -   	 -   	 -   	 -   							
03/1997	 -   	 -   	 -   	 -   	 -   	 -   							
04/1997	 -   	 -   	 -   	 -   	 -   	 -   							
05/1997	 12.444 	 4.777 	 2.216 	 2.192 	 0.636 	 22.264 							
06/1997	 12.463 	 4.479 	 1.975 	 2.229 	 0.633 	 21.779 							
07/1997	 13.262 	 4.998 	 2.123 	 2.299 	 0.650 	 23.332 							
08/1997	 12.874 	 5.508 	 2.246 	 2.235 	 0.635 	 23.498 							
09/1997	 12.511 	 6.338 	 2.474 	 2.129 	 0.623 	 24.075 							
10/1997	 14.069 	 7.122 	 2.930 	 2.239 	 0.650 	 27.011 							
11/1997	 15.261 	 7.563 	 3.046 	 2.228 	 0.686 	 28.784 							
12/1997	 15.474 	 8.034 	 3.292 	 2.419 	 0.745 	 29.964 							
01/1998	 15.533 	 7.765 	 3.214 	 2.392 	 0.749 	 29.652 							
02/1998	 13.478 	 6.041 	 2.972 	 2.100 	 0.689 	 25.280 							
03/1998	 14.391 	 6.159 	 3.253 	 2.246 	 0.739 	 26.788 							
04/1998	 13.215 	 5.182 	 2.836 	 2.184 	 0.689 	 24.105 	
05/1998	 13.121 	 4.629 	 2.392 	 2.269 	 0.711 	 23.123 	
06/1998	 13.455 	 4.394 	 2.279 	 2.302 	 0.718 	 23.148 	
07/1998	 14.265 	 5.133 	 2.588 	 2.430 	 0.745 	 25.162 	
08/1998	 14.178 	 5.210 	 2.745 	 2.319 	 0.744 	 25.197 	
09/1998	 14.560 	 6.096 	 2.924 	 2.254 	 0.733 	 26.567 	
10/1998	 16.355 	 7.125 	 3.267 	 2.482 	 0.798 	 30.026 	
11/1998	 16.934 	 7.536 	 3.516 	 2.491 	 0.807 	 31.284 	
12/1998	 18.685 	 8.882 	 3.951 	 2.702 	 0.863 	 35.083 	
01/1999	 18.132 	 8.614 	 3.571 	 2.719 	 0.835 	 33.871 	
02/1999	 16.820 	 7.583 	 3.469 	 2.472 	 0.801 	 31.144 	
03/1999	 17.076 	 7.744 	 3.793 	 2.712 	 0.866 	 32.190 	
04/1999	 14.481 	 5.916 	 3.252 	 2.389 	 0.761 	 26.799 	
05/1999	 14.994 	 5.364 	 2.864 	 2.485 	 0.821 	 26.527 	
06/1999	 15.682 	 5.304 	 2.618 	 2.705 	 0.827 	 27.135 	
07/1999	 16.099 	 5.601 	 2.701 	 2.823 	 0.877 	 28.102 	
08/1999	 15.839 	 6.682 	 2.994 	 2.676 	 0.862 	 29.052 	
09/1999	 15.468 	 7.318 	 3.233 	 2.520 	 0.819 	 29.357 	
10/1999	 16.144 	 7.574 	 3.489 	 2.648 	 0.841 	 30.696 	
11/1999	 16.312 	 7.894 	 3.707 	 2.666 	 0.827 	 31.406 	
12/1999	 18.953 	 9.007 	 4.217 	 2.966 	 0.880 	 36.024 	
01/2000	 19.207 	 7.910 	 3.822 	 3.087 	 0.891 	 34.916 	
02/2000	 17.730 	 7.400 	 3.410 	 2.788 	 0.822 	 32.151 	
03/2000	 16.607 	 7.536 	 3.322 	 2.825 	 0.923 	 31.213 	
04/2000	 14.934 	 5.687 	 2.947 	 2.757 	 0.820 	 27.146 	
05/2000	 15.482 	 5.452 	 2.890 	 2.896 	 0.869 	 27.588 	
06/2000	 15.860 	 5.194 	 2.629 	 2.950 	 0.850 	 27.483 	
07/2000	 17.201 	 5.459 	 2.730 	 3.153 	 0.845 	 29.388 	
08/2000	 16.365 	 6.606 	 3.121 	 3.008 	 0.888 	 29.988 	
09/2000	 16.063 	 7.646 	 3.446 	 2.749 	 0.829 	 30.733 	
10/2000	 17.406 	 8.570 	 4.240 	 2.898 	 0.853 	 33.967 	
11/2000	 18.702 	 9.733 	 4.677 	 2.944 	 0.842 	 36.898 	
12/2000	 21.319 	 10.543 	 5.013 	 3.294 	 0.920 	 41.089 			
01/2001	 21.445 	 10.230 	 5.181 	 3.298 	 0.953 	 41.107 			
02/2001	 20.604 	 8.172 	 4.580 	 3.270 	 0.868 	 37.494 			
03/2001	 20.037 	 8.184 	 4.486 	 3.285 	 0.960 	 36.951 			
04/2001	 15.743 	 6.287 	 4.058 	 2.864 	 0.794 	 29.746 			
05/2001	 16.552 	 6.119 	 3.365 	 2.926 	 0.826 	 29.788 			
06/2001	 16.235 	 5.801 	 2.995 	 2.996 	 0.906 	 28.932 			
07/2001	 16.733 	 5.831 	 2.993 	 3.023 	 0.860 	 29.438 			
08/2001	 16.468 	 7.530 	 3.611 	 2.851 	 0.845 	 31.304 			
09/2001	 15.982 	 7.846 	 4.105 	 2.742 	 0.799 	 31.473 			
10/2001	 18.199 	 8.777 	 4.609 	 2.946 	 0.830 	 35.362 			
11/2001	 19.484 	 9.115 	 4.884 	 3.030 	 0.814 	 37.327 			
12/2001	 21.771 	 10.078 	 5.121 	 3.388 	 0.887 	 41.245 			
01/2002	 21.583 	 10.238 	 5.329 	 3.372 	 0.987 	 41.510 			
02/2002	 18.235 	 8.782 	 4.853 	 3.005 	 0.878 	 35.753 			
03/2002	 19.368 	 8.913 	 4.812 	 3.207 	 0.986 	 37.286 			
04/2002	 15.563 	 6.633 	 3.754 	 2.769 	 0.864 	 29.582 	
05/2002	 14.729 	 5.967 	 3.168 	 2.837 	 0.890 	 27.590 	
06/2002	 16.383 	 6.162 	 2.883 	 3.094 	 0.929 	 29.451 	
07/2002	 16.320 	 6.361 	 3.021 	 3.071 	 0.934 	 29.707 	
08/2002	 15.431 	 6.911 	 3.866 	 2.841 	 0.906 	 29.955 	
09/2002	 17.181 	 8.915 	 4.834 	 2.759 	 0.849 	 34.538 	
10/2002	 20.056 	 10.627 	 5.660 	 3.028 	 0.892 	 40.262 	
11/2002	 20.688 	 11.133 	 5.779 	 3.108 	 0.899 	 41.608 	
12/2002	 20.916 	 10.740 	 5.532 	 3.366 	 0.974 	 41.528 	
01/2003	 23.100 	 12.276 	 6.074 	 3.597 	 1.022 	 46.069 	
02/2003	 20.625 	 11.082 	 5.677 	 3.141 	 0.903 	 41.427 	
03/2003	 19.660 	 9.805 	 5.720 	 3.120 	 0.962 	 39.266 	
04/2003	 16.234 	 7.513 	 4.653 	 2.812 	 0.850 	 32.062 	
05/2003	 16.552 	 7.076 	 3.631 	 2.943 	 0.919 	 31.121 	
06/2003	 16.520 	 6.482 	 3.209 	 2.915 	 0.917 	 30.043 	
07/2003	 18.517 	 7.546 	 3.684 	 3.180 	 0.996 	 33.923 	
08/2003	 19.432 	 9.104 	 4.486 	 3.098 	 0.993 	 37.113 	
09/2003	 19.495 	 10.251 	 5.514 	 2.900 	 0.932 	 39.092 	
10/2003	 23.432 	 11.748 	 6.224 	 3.187 	 0.956 	 45.546 	
11/2003	 26.162 	 12.876 	 6.791 	 3.348 	 0.985 	 50.162 	
12/2003	 27.888 	 13.916 	 7.274 	 3.735 	 1.087 	 53.900 	
01/2004	 27.250 	 13.501 	 6.682 	 3.697 	 1.089 	 52.219 	
02/2004	 25.412 	 11.297 	 6.052 	 3.328 	 1.019 	 47.107 	
03/2004	 26.263 	 11.775 	 6.277 	 3.488 	 1.079 	 48.883 	
04/2004	 20.870 	 9.005 	 5.478 	 3.092 	 0.974 	 39.419 	
05/2004	 19.448 	 8.045 	 3.847 	 3.250 	 1.037 	 35.626 	
06/2004	 19.055 	 7.851 	 3.710 	 3.244 	 1.023 	 34.883 	
07/2004	 20.173 	 8.045 	 3.982 	 3.323 	 1.060 	 36.584 	
08/2004	 21.313 	 9.841 	 4.974 	 3.310 	 1.054 	 40.491 	
09/2004	 21.850 	 12.029 	 5.862 	 3.082 	 1.009 	 43.832 	
10/2004	 24.335 	 13.337 	 6.941 	 3.261 	 1.027 	 48.901 	
11/2004	 24.973 	 14.268 	 7.083 	 3.444 	 1.021 	 50.789 	
12/2004	 29.286 	 14.947 	 7.464 	 3.954 	 1.110 	 56.761 		
01/2005	 28.209 	 14.369 	 7.653 	 3.951 	 1.099 	 55.281 		
02/2005	 25.804 	 12.417 	 7.004 	 3.537 	 1.001 	 49.762 		
03/2005	 24.911 	 11.783 	 6.863 	 3.606 	 1.065 	 48.228 		
04/2005	 19.511 	 8.875 	 5.760 	 3.280 	 0.987 	 38.413 		
05/2005	 19.646 	 8.827 	 4.977 	 3.414 	 1.045 	 37.910 		
06/2005	 20.310 	 8.312 	 4.609 	 3.579 	 1.105 	 37.915 		
07/2005	 21.186 	 9.108 	 4.737 	 3.788 	 1.166 	 39.985 		
08/2005	 21.484 	 10.585 	 5.484 	 3.648 	 1.168 	 42.369 		
09/2005	 21.405 	 10.791 	 5.853 	 3.424 	 1.062 	 42.535 		
10/2005	 23.768 	 12.626 	 6.870 	 3.589 	 1.105 	 47.957 		
11/2005	 27.644 	 13.502 	 7.445 	 3.795 	 1.134 	 53.520 		
12/2005	 30.759 	 14.659 	 7.720 	 4.330 	 1.232 	 58.700 		
01/2006	 30.860 	 13.752 	 7.593 	 4.358 	 1.212 	 57.774 		
02/2006	 28.075 	 11.938 	 6.849 	 3.868 	 1.086 	 51.817 		
03/2006	 28.606 	 12.646 	 7.734 	 4.005 	 1.207 	 54.198 		
04/2006	 22.009 	 9.659 	 5.711 	 3.577 	 1.103 	 42.059 	
05/2006	 22.459 	 8.998 	 4.996 	 3.771 	 1.192 	 41.416 	
06/2006	 21.706 	 8.882 	 4.449 	 3.819 	 1.205 	 40.062 	
07/2006	 22.974 	 9.621 	 4.308 	 4.076 	 1.302 	 42.280 	
08/2006	 23.978 	 11.722 	 5.607 	 3.995 	 1.274 	 46.576 	
09/2006	 23.927 	 12.495 	 6.650 	 3.788 	 1.211 	 48.070 	
10/2006	 28.167 	 14.436 	 7.843 	 4.129 	 1.230 	 55.806 	
11/2006	 29.376 	 15.076 	 7.971 	 4.243 	 1.206 	 57.872 	
12/2006	 32.761 	 15.948 	 8.382 	 4.704 	 1.284 	 63.079 	
01/2007	 31.472 	 14.699 	 8.226 	 4.662 	 1.305 	 60.365 	
02/2007	 28.782 	 12.802 	 7.703 	 4.086 	 1.186 	 54.559 	
03/2007	 27.954 	 13.711 	 7.703 	 4.240 	 1.306 	 54.915 	
04/2007	 24.249 	 10.413 	 6.355 	 3.968 	 1.227 	 46.212 	
05/2007	 25.669 	 10.080 	 5.491 	 4.442 	 1.424 	 47.106 	
06/2007	 26.734 	 10.364 	 4.764 	 4.723 	 1.407 	 47.992 	
07/2007	 28.010 	 10.993 	 4.978 	 5.073 	 1.551 	 50.605 	
08/2007	 27.554 	 11.708 	 5.803 	 4.766 	 1.537 	 51.368 	
09/2007	 25.410 	 12.607 	 6.787 	 4.203 	 1.390 	 50.397 	
10/2007	 29.400 	 14.584 	 8.038 	 4.471 	 1.354 	 57.848 	
11/2007	 32.319 	 15.850 	 8.347 	 4.683 	 1.361 	 62.560 	
12/2007	 36.786 	 16.634 	 8.703 	 5.357 	 1.444 	 68.924 	
01/2008	 35.222 	 16.761 	 8.874 	 5.731 	 1.406 	 67.994 	
02/2008	 31.142 	 13.595 	 8.377 	 4.549 	 1.283 	 58.947 	
03/2008	 28.814 	 12.743 	 7.973 	 4.657 	 1.393 	 55.578 	
04/2008	 25.295 	 11.083 	 6.961 	 4.320 	 1.362 	 49.021 	
05/2008	 27.235 	 11.182 	 5.892 	 4.750 	 1.504 	 50.564 	
06/2008	 28.689 	 11.030 	 5.845 	 5.291 	 1.665 	 52.520 	
07/2008	 27.524 	 10.995 	 6.099 	 5.198 	 1.759 	 51.575 	
08/2008	 26.913 	 12.781 	 6.799 	 5.182 	 1.630 	 53.305 	
09/2008	 26.583 	 13.608 	 8.023 	 4.568 	 1.525 	 54.307 	
10/2008	 30.212 	 15.708 	 8.833 	 4.868 	 1.517 	 61.138 	
11/2008	 33.800 	 16.415 	 9.002 	 5.068 	 1.488 	 65.772 	
12/2008	 36.069 	 17.695 	 9.389 	 5.475 	 1.565 	 70.193 	
01/2009	 35.924 	 17.095 	 9.286 	 5.587 	 1.577 	 69.469 	
02/2009	 34.581 	 15.921 	 8.889 	 5.180 	 1.443 	 66.015 	
03/2009	 33.993 	 15.167 	 8.582 	 5.293 	 1.572 	 64.608 	
04/2009	 29.286 	 12.626 	 6.980 	 4.935 	 1.462 	 55.290 	
05/2009	 27.310 	 12.182 	 6.401 	 4.992 	 1.660 	 52.544 	
06/2009	 28.563 	 12.807 	 5.853 	 5.416 	 1.830 	 54.468 	
07/2009	 31.169 	 14.299 	 6.450 	 5.940 	 2.064 	 59.922 	
08/2009	 29.210 	 14.283 	 7.312 	 5.483 	 1.742 	 58.029 	
09/2009	 27.977 	 15.462 	 8.437 	 4.877 	 1.636 	 58.389 	
10/2009	 33.361 	 16.956 	 8.987 	 5.312 	 1.730 	 66.346 	
11/2009	 38.859 	 18.539 	 9.356 	 5.701 	 1.606 	 74.061 	
12/2009	 40.375 	 19.575 	 9.822 	 6.163 	 1.710 	 77.645 	
01/2010	 43.441 	 20.235 	 10.480 	 6.518 	 1.742 	 82.416 	
02/2010	 37.056 	 19.146 	 9.568 	 5.505 	 -   	 71.275 	
03/2010	 36.274 	 19.744 	 10.125 	 5.669 	 -   	 71.812 	
04/2010	 28.337 	 16.134 	 8.219 	 4.964 	 -   	 57.654 	
05/2010	 29.433 	 16.286 	 7.232 	 5.718 	 -   	 58.669 	
06/2010	 31.691 	 16.818 	 6.852 	 6.055 	 -   	 61.417 	
07/2010	 36.067 	 17.662 	 7.662 	 7.154 	 -   	 68.546 	
08/2010	 33.838 	 16.530 	 8.040 	 6.318 	 2.083 	 66.810 	
09/2010	 30.207 	 16.524 	 8.387 	 5.432 	 1.752 	 62.302 	
10/2010	 33.418 	 18.402 	 9.059 	 5.499 	 1.666 	 68.044 	
11/2010	 37.085 	 19.926 	 9.363 	 5.555 	 1.635 	 73.563 	
12/2010	 42.151 	 22.095 	 10.480 	 6.450 	 1.736 	 82.912 	
01/2011	 42.204 	 21.242 	 10.257 	 6.742 	 1.826 	 82.271 	
02/2011	 35.208 	 16.671 	 9.011 	 5.828 	 1.588 	 68.307 	
							



							
