Edelar/Cons Propios	Capital	Chilecito	Aimogasta	Sur	Villa Unión	Total						
01/1997	 -   	 -   	 -   	 -   	 -   	 -   						
02/1997	 -   	 -   	 -   	 -   	 -   	 -   						
03/1997	 -   	 -   	 -   	 -   	 -   	 -   						
04/1997	 -   	 -   	 -   	 -   	 -   	 -   						
05/1997	 0.040 	 0.020 	 0.010 	 0.010 	 -   	 0.080 						
06/1997	 0.040 	 0.020 	 0.010 	 0.010 	 -   	 0.080 						
07/1997	 0.040 	 0.020 	 0.010 	 0.010 	 -   	 0.080 						
08/1997	 0.040 	 0.020 	 0.010 	 0.010 	 -   	 0.080 						
09/1997	 0.040 	 0.020 	 0.010 	 0.010 	 -   	 0.080 						
10/1997	 0.040 	 0.020 	 0.010 	 0.010 	 -   	 0.080 						
11/1997	 0.040 	 0.020 	 0.010 	 0.010 	 -   	 0.080 						
12/1997	 0.040 	 0.020 	 0.010 	 0.010 	 -   	 0.080 						
01/1998	 0.040 	 0.020 	 0.010 	 0.010 	 -   	 0.080 						
02/1998	 0.040 	 0.020 	 0.010 	 0.010 	 -   	 0.080 						
03/1998	 0.040 	 0.020 	 0.010 	 0.010 	 -   	 0.080 						
04/1998	 0.040 	 0.020 	 0.010 	 0.010 	 -   	 0.080 
05/1998	 0.040 	 0.020 	 0.010 	 0.010 	 -   	 0.080 
06/1998	 0.040 	 0.020 	 0.010 	 0.010 	 -   	 0.080 
07/1998	 0.040 	 0.020 	 0.010 	 0.010 	 -   	 0.080 
08/1998	 0.040 	 0.020 	 0.010 	 0.010 	 0.010 	 0.090 
09/1998	 0.040 	 0.020 	 0.010 	 0.010 	 0.010 	 0.090 
10/1998	 0.040 	 0.020 	 0.010 	 0.010 	 0.010 	 0.090 
11/1998	 0.040 	 0.020 	 0.010 	 0.010 	 0.010 	 0.090 
12/1998	 0.040 	 0.020 	 0.010 	 0.010 	 0.010 	 0.090 
01/1999	 0.040 	 0.020 	 0.010 	 0.010 	 0.010 	 0.090 
02/1999	 0.040 	 0.020 	 0.010 	 0.010 	 0.010 	 0.090 
03/1999	 0.022 	 0.006 	 0.010 	 0.008 	 0.004 	 0.049 
04/1999	 0.020 	 0.004 	 0.010 	 0.006 	 0.004 	 0.045 
05/1999	 0.020 	 0.007 	 0.010 	 0.008 	 0.006 	 0.050 
06/1999	 0.024 	 0.008 	 0.020 	 0.011 	 0.007 	 0.069 
07/1999	 0.023 	 0.009 	 0.008 	 0.010 	 0.008 	 0.058 
08/1999	 0.023 	 0.007 	 0.008 	 0.010 	 0.007 	 0.056 
09/1999	 0.037 	 0.006 	 0.005 	 0.013 	 0.005 	 0.065 
10/1999	 0.025 	 0.007 	 0.006 	 0.005 	 0.004 	 0.048 
11/1999	 0.034 	 0.007 	 0.005 	 0.006 	 0.004 	 0.056 
12/1999	 0.027 	 0.007 	 0.008 	 0.010 	 0.006 	 0.058 
01/2000	 0.033 	 0.010 	 0.009 	 0.034 	 0.005 	 0.090 
02/2000	 0.032 	 0.007 	 0.008 	 0.006 	 0.004 	 0.057 
03/2000	 0.022 	 0.003 	 0.007 	 0.010 	 0.003 	 0.045 
04/2000	 0.023 	 0.009 	 0.006 	 0.025 	 0.003 	 0.065 
05/2000	 0.015 	 0.008 	 0.008 	 0.006 	 0.009 	 0.046 
06/2000	 0.023 	 0.009 	 0.006 	 0.025 	 0.003 	 0.065 
07/2000	 0.024 	 0.011 	 0.010 	 0.012 	 0.007 	 0.063 
08/2000	 0.025 	 0.022 	 0.008 	 0.009 	 0.006 	 0.070 
09/2000	 0.028 	 0.046 	 0.008 	 0.008 	 0.004 	 0.094 
10/2000	 0.047 	 0.072 	 0.009 	 0.007 	 0.004 	 0.139 
11/2000	 0.050 	 0.071 	 0.015 	 0.009 	 0.004 	 0.149 
12/2000	 0.057 	 0.050 	 0.011 	 0.014 	 0.005 	 0.137 
01/2001	 0.057 	 0.045 	 0.012 	 0.014 	 0.006 	 0.133 
02/2001	 0.050 	 0.071 	 0.015 	 0.009 	 0.004 	 0.149 
03/2001	 0.038 	 0.017 	 0.012 	 0.011 	 0.005 	 0.083 
04/2001	 0.019 	 0.035 	 0.009 	 0.006 	 0.004 	 0.072 
05/2001	 0.021 	 0.030 	 0.007 	 0.007 	 0.007 	 0.072 
06/2001	 0.023 	 0.040 	 0.006 	 0.007 	 0.007 	 0.083 
07/2001	 0.025 	 0.038 	 0.007 	 0.007 	 0.007 	 0.084 
08/2001	 0.025 	 0.048 	 0.006 	 0.007 	 0.006 	 0.093 
09/2001	 0.023 	 0.078 	 0.005 	 0.009 	 0.005 	 0.120 
10/2001	 0.028 	 0.078 	 0.006 	 0.007 	 0.004 	 0.123 
11/2001	 0.035 	 0.079 	 0.011 	 0.006 	 0.004 	 0.135 
12/2001	 0.036 	 0.052 	 0.009 	 0.006 	 0.005 	 0.109 
01/2002	 0.038 	 0.050 	 0.011 	 0.006 	 0.004 	 0.108 
02/2002	 0.050 	 0.020 	 0.012 	 0.006 	 0.003 	 0.093 
03/2002	 0.044 	 0.026 	 0.011 	 0.008 	 0.007 	 0.097 
04/2002	 0.025 	 0.008 	 0.008 	 0.008 	 0.005 	 0.054 			
05/2002	 0.037 	 0.018 	 0.007 	 0.013 	 0.010 	 0.086 			
06/2002	 0.037 	 0.018 	 0.007 	 0.006 	 0.012 	 0.081 			
07/2002	 0.043 	 0.022 	 0.007 	 0.011 	 0.011 	 0.094 			
08/2002	 0.035 	 0.044 	 0.006 	 0.010 	 0.010 	 0.105 			
09/2002	 0.040 	 0.036 	 0.006 	 0.006 	 0.008 	 0.096 			
10/2002	 0.039 	 0.011 	 0.010 	 0.006 	 0.008 	 0.074 			
11/2002	 0.044 	 0.067 	 0.010 	 0.006 	 0.006 	 0.133 			
12/2002	 0.052 	 0.026 	 0.011 	 0.007 	 0.007 	 0.103 			
01/2003	 0.070 	 0.029 	 0.010 	 0.007 	 0.007 	 0.124 			
02/2003	 0.093 	 0.051 	 0.004 	 0.007 	 -   	 0.155 			
03/2003	 0.065 	 0.048 	 0.016 	 0.007 	 0.012 	 0.149 			
04/2003	 0.056 	 0.044 	 0.003 	 0.006 	 0.006 	 0.115 			
05/2003	 0.067 	 0.028 	 0.009 	 0.006 	 0.008 	 0.119 			
06/2003	 0.040 	 0.019 	 0.005 	 0.007 	 0.009 	 0.079 			
07/2003	 0.065 	 0.020 	 0.006 	 0.007 	 0.010 	 0.108 			
08/2003	 0.060 	 0.034 	 0.004 	 0.007 	 0.011 	 0.116 				
09/2003	 0.070 	 0.035 	 0.007 	 0.006 	 0.011 	 0.128 				
10/2003	 0.068 	 0.027 	 0.005 	 0.006 	 0.009 	 0.116 				
11/2003	 0.066 	 0.031 	 0.014 	 0.007 	 0.007 	 0.124 				
12/2003	 0.090 	 0.034 	 0.009 	 0.007 	 0.007 	 0.148 				
01/2004	 0.081 	 0.034 	 0.009 	 0.008 	 0.007 	 0.139 				
02/2004	 0.088 	 0.018 	 0.009 	 0.007 	 0.006 	 0.129 				
03/2004	 0.077 	 0.039 	 0.008 	 0.007 	 0.004 	 0.135 				
04/2004	 0.062 	 0.019 	 0.009 	 0.007 	 0.003 	 0.100 				
05/2004	 0.056 	 0.026 	 0.007 	 0.007 	 0.006 	 0.102 				
06/2004	 0.048 	 0.033 	 0.006 	 0.009 	 0.009 	 0.104 				
07/2004	 0.066 	 0.025 	 0.005 	 0.010 	 0.007 	 0.114 				
08/2004	 0.062 	 0.026 	 0.007 	 0.010 	 0.005 	 0.111 				
09/2004	 0.053 	 0.034 	 0.008 	 0.009 	 0.008 	 0.113 				
10/2004	 0.076 	 0.038 	 0.010 	 0.008 	 0.003 	 0.135 				
11/2004	 0.080 	 0.044 	 0.010 	 0.008 	 0.003 	 0.146 				
12/2004	 0.056 	 0.042 	 0.010 	 0.009 	 0.003 	 0.120 				
01/2005	 0.067 	 0.037 	 0.011 	 0.011 	 0.005 	 0.130 				
02/2005	 0.121 	 0.023 	 0.011 	 0.010 	 0.004 	 0.170 				
03/2005	 0.066 	 0.058 	 0.012 	 0.012 	 0.002 	 0.151 				
04/2005	 0.061 	 0.018 	 0.010 	 0.011 	 0.004 	 0.104 				
05/2005	 0.050 	 0.016 	 0.011 	 0.007 	 0.006 	 0.089 				
06/2005	 0.049 	 0.019 	 0.010 	 0.010 	 0.006 	 0.094 				
07/2005	 0.068 	 0.019 	 0.010 	 0.008 	 0.006 	 0.112 				
08/2005	 0.076 	 0.037 	 0.009 	 0.009 	 0.006 	 0.137 				
09/2005	 0.107 	 0.033 	 0.010 	 0.009 	 0.006 	 0.164 				
10/2005	 0.117 	 0.044 	 0.010 	 0.007 	 0.004 	 0.181 				
11/2005	 0.081 	 0.049 	 0.010 	 0.008 	 0.005 	 0.152 				
12/2005	 0.152 	 0.047 	 0.013 	 0.009 	 0.006 	 0.227 				
01/2006	 0.436 	 0.040 	 0.010 	 0.010 	 0.005 	 0.501 				
02/2006	 0.283 	 0.021 	 0.012 	 0.008 	 0.004 	 0.327 				
03/2006	 0.218 	 0.039 	 0.011 	 0.009 	 0.004 	 0.281 				
04/2006	 0.199 	 0.028 	 0.012 	 0.008 	 0.006 	 0.253 				
05/2006	 0.123 	 0.015 	 0.009 	 0.010 	 0.007 	 0.164 				
06/2006	 0.097 	 0.034 	 0.010 	 0.007 	 0.006 	 0.154 				
07/2006	 0.104 	 0.040 	 0.008 	 0.009 	 0.008 	 0.170 				
08/2006	 0.107 	 0.038 	 0.008 	 0.010 	 0.006 	 0.168 				
09/2006	 0.123 	 0.049 	 0.005 	 0.008 	 0.006 	 0.191 				
10/2006	 0.170 	 0.053 	 0.005 	 0.008 	 0.004 	 0.240 				
11/2006	 0.172 	 0.048 	 0.018 	 0.011 	 0.004 	 0.253 				
12/2006	 0.288 	 0.050 	 0.012 	 0.011 	 0.006 	 0.367 				
01/2007	 0.109 	 0.044 	 0.012 	 0.011 	 0.004 	 0.181 				
02/2007	 0.184 	 0.033 	 0.011 	 0.010 	 0.004 	 0.242 				
03/2007	 0.185 	 0.041 	 0.010 	 0.012 	 0.005 	 0.252 				
04/2007	 0.219 	 0.026 	 0.011 	 0.009 	 0.005 	 0.269 				
05/2007	 0.171 	 0.035 	 0.010 	 0.010 	 0.007 	 0.233 				
06/2007	 0.157 	 0.036 	 0.005 	 0.009 	 0.009 	 0.217 				
07/2007	 0.151 	 0.041 	 0.006 	 0.011 	 0.007 	 0.215 				
08/2007	 0.146 	 0.033 	 0.006 	 0.012 	 0.011 	 0.208 				
09/2007	 0.159 	 0.029 	 0.008 	 0.009 	 0.005 	 0.210 				
10/2007	 0.178 	 0.015 	 0.011 	 0.007 	 0.005 	 0.216 				
11/2007	 0.230 	 0.015 	 0.008 	 0.006 	 0.004 	 0.263 				
12/2007	 0.339 	 0.015 	 0.009 	 0.012 	 0.007 	 0.382 				
01/2008	 0.480 	 0.012 	 0.010 	 0.011 	 0.006 	 0.519 				
02/2008	 0.404 	 0.016 	 0.010 	 0.009 	 0.003 	 0.442 				
03/2008	 0.375 	 0.017 	 0.008 	 0.009 	 0.004 	 0.413 				
04/2008	 0.305 	 0.016 	 0.009 	 0.008 	 0.005 	 0.343 				
05/2008	 0.365 	 0.012 	 0.009 	 0.008 	 0.006 	 0.399 				
06/2008	 0.388 	 0.016 	 0.008 	 0.008 	 0.008 	 0.428 				
07/2008	 0.305 	 0.011 	 0.011 	 0.010 	 0.008 	 0.345 				
08/2008	 0.166 	 0.010 	 0.009 	 0.010 	 0.006 	 0.201 				
09/2008	 0.356 	 0.014 	 0.010 	 0.009 	 0.009 	 0.397 				
10/2008	 0.205 	 0.010 	 0.009 	 0.007 	 0.006 	 0.238 				
11/2008	 0.282 	 0.011 	 0.009 	 0.007 	 0.004 	 0.313 				
12/2008	 0.199 	 0.013 	 0.013 	 0.013 	 0.006 	 0.244 				
01/2009	 0.361 	 0.013 	 0.008 	 0.007 	 0.003 	 0.392 				
02/2009	 0.186 	 0.014 	 0.005 	 0.011 	 0.006 	 0.222 				
03/2009	 0.282 	 0.009 	 0.011 	 0.013 	 0.004 	 0.319 				
04/2009	 0.272 	 0.016 	 0.016 	 0.011 	 0.004 	 0.319 				
05/2009	 0.175 	 0.012 	 0.009 	 0.008 	 0.005 	 0.210 				
06/2009	 0.189 	 0.010 	 0.005 	 0.007 	 0.008 	 0.219 				
07/2009	 0.195 	 0.011 	 0.007 	 0.011 	 0.010 	 0.234 				
08/2009	 0.200 	 0.014 	 0.004 	 0.011 	 0.009 	 0.237 				
09/2009	 0.275 	 0.010 	 0.012 	 0.010 	 0.007 	 0.314 				
10/2009	 0.105 	 0.012 	 0.010 	 0.011 	 0.006 	 0.145 				
11/2009	 0.090 	 0.009 	 0.010 	 0.012 	 0.005 	 0.126 				
12/2009	 0.143 	 0.014 	 0.011 	 0.015 	 0.007 	 0.190 				
01/2010	 0.112 	 0.010 	 0.011 	 0.015 	 0.004 	 0.153 				
02/2010	 0.115 	 0.022 	 0.011 	 0.014 	 -   	 0.162 				
03/2010	 0.108 	 0.017 	 0.011 	 0.013 	 -   	 0.150 				
04/2010	 0.088 	 0.018 	 0.010 	 0.012 	 -   	 0.128 				
05/2010	 0.088 	 0.011 	 0.009 	 0.007 	 -   	 0.114 				
06/2010	 0.068 	 0.022 	 0.006 	 0.008 	 -   	 0.104 				
07/2010	 0.075 	 0.018 	 0.006 	 0.010 	 -   	 0.109 				
08/2010	 0.085 	 0.013 	 0.010 	 0.012 	 0.012 	 0.131 				
09/2010	 0.068 	 0.019 	 0.008 	 0.014 	 0.006 	 0.116 				
10/2010	 0.074 	 0.015 	 0.009 	 0.011 	 0.005 	 0.114 				
11/2010	 0.091 	 0.012 	 0.010 	 0.010 	 0.005 	 0.128 				
12/2010	 0.124 	 0.010 	 0.014 	 0.015 	 0.005 	 0.167 				
01/2011	 0.101 	 0.012 	 0.011 	 0.013 	 0.008 	 0.145 				
02/2011	 0.093 	 0.011 	 0.011 	 0.013 	 0.005 	 0.133 				
