Edelar/LAT	Ingresada	Secundario	Pérdida		
01/1997	 -   	 -   	 -   		
02/1997	 -   	 -   	 -   		
03/1997	 -   	 -   	 -   		
04/1997	 -   	 -   	 -   		
05/1997	 11.291 	 11.060 	 0.230 		
06/1997	 11.553 	 11.035 	 0.517 		
07/1997	 11.836 	 11.612 	 0.224 		
08/1997	 12.413 	 12.126 	 0.287 		
09/1997	 12.967 	 12.519 	 0.448 		
10/1997	 14.969 	 14.838 	 0.131 		
11/1997	 15.679 	 15.397 	 0.282 		
12/1997	 16.919 	 16.459 	 0.460 		
01/1998	 16.876 	 16.329 	 0.547 		
02/1998	 13.290 	 13.015 	 0.275 		
03/1998	 14.250 	 13.872 	 0.378 		
04/1998	 12.395 	 12.112 	 0.283 		
05/1998	 11.644 	 11.404 	 0.240 		
06/1998	 11.909 	 11.692 	 0.217 		
07/1998	 12.574 	 12.210 	 0.364 		
08/1998	 13.709 	 13.517 	 0.192 		
09/1998	 14.416 	 14.041 	 0.375 		
10/1998	 16.236 	 15.840 	 0.396 		
11/1998	 17.261 	 16.751 	 0.510 		
12/1998	 19.803 	 19.470 	 0.333 		
01/1999	 18.832 	 17.976 	 0.856 		
02/1999	 17.479 	 17.018 	 0.461 		
03/1999	 17.857 	 17.287 	 0.569 		
04/1999	 14.527 	 14.107 	 0.421 		
05/1999	 14.305 	 13.931 	 0.374 		
06/1999	 14.742 	 14.432 	 0.310 		
07/1999	 15.438 	 15.090 	 0.348 		
08/1999	 15.836 	 15.505 	 0.331 		
09/1999	 16.248 	 15.775 	 0.473 		
10/1999	 17.499 	 16.890 	 0.609 		
11/1999	 18.171 	 17.559 	 0.612 		
12/1999	 19.478 	 18.866 	 0.612 		
01/2000	 18.801 	 18.293 	 0.508 		
02/2000	 16.971 	 16.630 	 0.341 		
03/2000	 17.118 	 16.709 	 0.410 		
04/2000	 14.181 	 13.760 	 0.420 		
05/2000	 14.808 	 14.331 	 0.477 		
06/2000	 14.371 	 13.926 	 0.445 		
07/2000	 15.023 	 14.585 	 0.438 		
08/2000	 15.809 	 15.298 	 0.511 		
09/2000	 17.017 	 16.445 	 0.572 		
10/2000	 19.134 	 18.529 	 0.604 		
11/2000	 20.495 	 19.810 	 0.686 		
12/2000	 22.631 	 21.560 	 1.071 		
01/2001	 22.875 	 21.568 	 1.307 		
02/2001	 19.910 	 19.187 	 0.724 		
03/2001	 19.357 	 18.108 	 1.249 		
04/2001	 15.865 	 15.088 	 0.777 		
05/2001	 16.065 	 15.252 	 0.813 		
06/2001	 15.381 	 14.170 	 1.211 		
07/2001	 15.629 	 14.591 	 1.038 		
08/2001	 16.711 	 15.502 	 1.210 		
09/2001	 17.876 	 16.728 	 1.148 		
10/2001	 20.419 	 18.776 	 1.643 		
11/2001	 21.516 	 19.896 	 1.619 		
12/2001	 22.542 	 21.042 	 1.499 		
01/2002	 22.583 	 21.008 	 1.575 	7.0	
02/2002	 19.634 	 18.791 	 0.843 	4.3	
03/2002	 20.511 	 18.791 	 1.720 	8.4	
04/2002	 15.733 	 15.179 	 0.553 	3.5		
05/2002	 14.556 	 13.642 	 0.914 	6.3		
06/2002	 15.027 	 14.161 	 0.866 	5.8		
07/2002	 15.546 	 15.001 	 0.545 	3.5		
08/2002	 16.478 	 15.986 	 0.491 	3.0		
09/2002	 19.314 	 18.606 	 0.708 	3.7		
10/2002	 22.964 	 21.124 	 1.840 	8.0		
11/2002	 23.884 	 22.688 	 1.195 	5.0		
12/2002	 23.161 	 21.891 	 1.271 	5.5		
01/2003	 26.235 	 24.686 	 1.549 	5.9		
02/2003	 24.024 	 22.377 	 1.647 	6.9		
03/2003	 22.313 	 21.266 	 1.047 	4.7		
04/2003	 17.857 	 17.253 	 0.603 	3.4		
05/2003	 16.428 	 16.198 	 0.231 	1.4		
06/2003	 15.473 	 14.717 	 0.756 	4.9		
07/2003	 17.666 	 16.779 	 0.887 	5.0		
08/2003	 20.222 	 19.436 	 0.786 	3.9		
09/2003	 21.989 	 21.168 	 0.820 	3.7		
10/2003	 25.170 	 24.317 	 0.853 	3.4		
11/2003	 27.404 	 26.329 	 1.075 	3.9		
12/2003	 29.713 	 28.146 	 1.567 	5.3		
01/2004	 29.331 	 27.722 	 1.609 	5.5		
02/2004	 24.861 	 23.767 	 1.094 	4.4		
03/2004	 26.241 	 24.923 	 1.318 	5.0		
04/2004	 21.002 	 19.882 	 1.120 	5.3		
05/2004	 18.867 	 17.969 	 0.898 	4.8		
06/2004	 18.431 	 17.520 	 0.911 	4.9		
07/2004	 18.877 	 18.266 	 0.611 	3.2		
08/2004	 22.055 	 21.319 	 0.736 	3.3		
09/2004	 24.643 	 23.834 	 0.808 	3.3		
10/2004	 27.940 	 26.831 	 1.109 	4.0		
11/2004	 29.091 	 27.936 	 1.156 	4.0		
12/2004	 31.274 	 29.791 	 1.484 	4.7			
01/2005	 31.031 	 30.042 	 0.988 	3.2			
02/2005	 27.744 	 26.647 	 1.097 	4.0			
03/2005	 27.270 	 25.967 	 1.303 	4.8			
04/2005	 21.359 	 20.496 	 0.863 	4.0			
05/2005	 20.758 	 19.986 	 0.772 	3.7			
06/2005	 20.173 	 19.177 	 0.995 	4.9			
07/2005	 22.218 	 20.741 	 1.477 	6.6			
08/2005	 23.439 	 23.123 	 0.316 	1.3			
09/2005	 24.618 	 23.464 	 1.154 	4.7			
10/2005	 27.162 	 26.290 	 0.872 	3.2			
11/2005	 30.641 	 29.477 	 1.164 	3.8			
12/2005	 32.938 	 30.653 	 2.285 	6.9			
01/2006	 31.953 	 30.369 	 1.584 	5.0			
02/2006	 27.878 	 27.033 	 0.845 	3.0			
03/2006	 30.444 	 29.289 	 1.155 	3.8			
04/2006	 23.190 	 22.052 	 1.138 	4.9		
05/2006	 21.649 	 20.744 	 0.905 	4.2		
06/2006	 21.788 	 20.779 	 1.009 	4.6		
07/2006	 21.843 	 20.995 	 0.848 	3.9		
08/2006	 25.754 	 24.570 	 1.183 	4.6		
09/2006	 26.800 	 25.909 	 0.891 	3.3		
10/2006	 31.957 	 30.066 	 1.891 	5.9		
11/2006	 33.636 	 31.497 	 2.139 	6.4		
12/2006	 36.499 	 33.810 	 2.688 	7.4		
01/2007	 34.302 	 32.317 	 1.985 	5.8		
02/2007	 30.928 	 29.176 	 1.752 	5.7		
03/2007	 32.302 	 30.497 	 1.805 	5.6		
04/2007	 26.141 	 24.453 	 1.688 	6.5		
05/2007	 25.386 	 24.062 	 1.323 	5.2		
06/2007	 25.523 	 24.060 	 1.463 	5.7		
07/2007	 27.069 	 25.237 	 1.832 	6.8		
08/2007	 29.332 	 26.511 	 2.821 	9.6		
09/2007	 28.355 	 27.528 	 0.827 	2.9		
10/2007	 32.707 	 31.518 	 1.189 	3.6		 con aumento 
11/2007	 33.456 	 32.948 	 0.508 	1.5		 34.956 
12/2007	 36.915 	 34.828 	 2.087 	5.7		 36.015 
01/2008	 87.386 	 97.853 	 -10.468 	-12.0		 37.580 
02/2008	 78.136 	 83.816 	 -5.680 	-7.3		 32.599 
03/2008	 74.922 	 79.379 	 -4.457 	-5.9		 31.719 
04/2008	 67.262 	 69.276 	 -2.013 	-3.0		 27.968 
05/2008	 72.448 	 71.124 	 1.324 	1.8		 26.684 
06/2008	 75.128 	 73.099 	 2.029 	2.7		 27.133 
07/2008	 71.739 	 72.142 	 -0.403 	-0.6		 28.170 
08/2008	 75.239 	 73.670 	 1.568 	2.1		
09/2008	 80.411 	 77.496 	 2.915 	3.6		
10/2008	 85.699 	 84.763 	 0.936 	1.1		
11/2008	 93.903 	 95.745 	 -1.842 	-2.0		
12/2008	 95.441 	 97.253 	 -1.812 	-1.9				
01/2009	 90.651 	 87.650 	 3.001 	3.3				
02/2009	 91.507 	 88.877 	 2.630 	2.9				
03/2009	 89.732 	 86.850 	 2.882 	3.2				
04/2009	 77.240 	 76.107 	 1.133 	1.5				
05/2009	 72.930 	 71.581 	 1.349 	1.8				
06/2009	 77.495 	 75.585 	 1.910 	2.5				
07/2009	 86.985 	 84.015 	 2.970 	3.4				
08/2009	 78.439 	 76.048 	 2.391 	3.0			 5.522 	 70.526 
09/2009	 85.554 	 82.879 	 2.675 	3.1			 6.405 	 76.474 
10/2009	 94.602 	 93.177 	 1.425 	1.5			 7.098 	 86.079 
11/2009	 109.992 	 105.687 	 4.305 	3.9			 7.153 	 98.534 
12/2009	 103.228 	 99.055 	 4.174 	4.0			 6.139 	 92.916 
01/2010	 114.616 	 109.820 	 4.796 	4.2			 7.043 	 102.777 
02/2010	 101.651 	 96.074 	 5.577 	5.5			 6.423 	 89.650 
03/2010	 106.941 	 102.690 	 4.251 	4.0			 6.714 	 95.976 
04/2010	 82.680 	 79.457 	 3.223 	3.9			 5.189 	 74.268 
05/2010	 86.143 	 82.103 	 4.040 	4.7			 4.849 	 77.254 
06/2010	 89.054 	 83.914 	 5.139 	5.8			 5.014 	 78.901 
07/2010	 96.581 	 93.075 	 3.506 	3.6			 5.212 	 87.863 
08/2010	 96.581 	 93.516 	 3.066 	3.2			 5.900 	 87.616 
09/2010	 90.250 	 86.734 	 3.516 	3.9				
10/2010	 95.454 	 91.435 	 4.020 	4.2				
11/2010	 104.804 	 99.890 	 4.915 	4.7				
12/2010	114.650	 108.184 	 6.466 	5.6				
01/2011	111.993	105.894	 6.099 	5.4				
02/2011	95.2812	90.86592	 4.415 	4.6				
