Edesal/LAT	Ingresada	Secundario	Pérdida		S/DTE	s/centro lectura
01/1997	 -   	 -   	 -   			
02/1997	 -   	 -   	 -   			
03/1997	 -   	 -   	 -   			
04/1997	 -   	 -   	 -   			
05/1997	 -   	 -   	 -   			
06/1997	 -   	 -   	 -   			
07/1997	 62.038 	 59.066 	 2.972 			
08/1997	 59.721 	 56.919 	 2.801 			
09/1997	 57.907 	 54.964 	 2.942 			
10/1997	 59.651 	 56.665 	 2.986 			
11/1997	 56.851 	 53.689 	 3.162 			
12/1997	 55.810 	 52.907 	 2.903 			
01/1998	 58.550 	 55.526 	 3.024 			
02/1998	 53.839 	 51.110 	 2.729 			
03/1998	 61.600 	 59.106 	 2.494 			
04/1998	 59.657 	 55.083 	 4.575 				
05/1998	 61.797 	 59.136 	 2.661 				
06/1998	 63.750 	 60.848 	 2.902 				
07/1998	 65.929 	 62.980 	 2.949 				
08/1998	 66.013 	 62.715 	 3.298 				
09/1998	 64.454 	 62.075 	 2.379 				
10/1998	 63.683 	 60.107 	 3.576 				
11/1998	 61.958 	 58.860 	 3.098 				
12/1998	 61.071 	 59.172 	 1.899 				
01/1999	 59.451 	 57.918 	 1.533 		59.451	0.000	
02/1999	 60.649 	 59.211 	 1.438 		60.649	0.000	
03/1999	 64.492 	 63.305 	 1.187 		64.492	0.000	
04/1999	 61.418 	 60.579 	 0.840 		61.418	0.000	
05/1999	 64.134 	 62.689 	 1.445 		64.134	0.000	
06/1999	 65.912 	 64.041 	 1.871 		65.912	0.000	
07/1999	 68.785 	 67.169 	 1.616 		68.785	0.000	
08/1999	 66.603 	 64.916 	 1.687 		66.603	0.000	
09/1999	 64.603 	 63.889 	 0.714 		64.603	0.000	
10/1999	 67.982 	 65.473 	 2.508 		67.982	0.000	
11/1999	 66.899 	 65.072 	 1.827 		66.899	0.000	
12/1999	 66.174 	 64.398 	 1.776 		66.174	0.000	
01/2000	 66.886 	 65.071 	 1.815 		66.886	0.000	
02/2000	 66.667 	 65.602 	 1.065 		66.667	0.000	
03/2000	 70.058 	 68.694 	 1.365 		70.058	0.000	
04/2000	 65.023 	 63.749 	 1.275 		65.023	0.000	
05/2000	 70.548 	 68.374 	 2.174 		70.548	0.000	
06/2000	 70.451 	 68.482 	 1.968 		70.451	0.000	
07/2000	 72.750 	 70.365 	 2.385 		72.750	0.000	
08/2000	 71.070 	 69.311 	 1.758 		71.070	0.000	
09/2000	 70.812 	 68.947 	 1.865 		70.812	0.000	
10/2000	 71.391 	 69.311 	 2.080 		71.391	0.000	
11/2000	 69.781 	 68.069 	 1.712 		69.781	0.000	
12/2000	 71.750 	 69.581 	 2.169 		71.750	0.000	
01/2001	 74.771 	 72.532 	 2.239 		74.771	0.000	
02/2001	 74.425 	 72.829 	 1.596 		74.425	0.000	
03/2001	 77.070 	 74.912 	 2.158 		77.070	0.000	
04/2001	 68.386 	 66.204 	 2.182 		68.386	0.000	
05/2001	 74.752 	 71.560 	 3.192 		74.752	0.000	
06/2001	 72.963 	 70.079 	 2.884 		72.963	0.000	
07/2001	 73.624 	 70.225 	 3.399 		73.624	0.000	
08/2001	 74.330 	 72.873 	 1.458 				
09/2001	 70.950 	 69.002 	 1.948 				
10/2001	 70.238 	 68.953 	 1.285 				
11/2001	 70.168 	 66.343 	 3.825 				
12/2001	 72.187 	 70.150 	 2.037 				
01/2002	 66.573 	 66.523 	 0.050 	0.1			
02/2002	 59.972 	 58.512 	 1.460 	2.4			
03/2002	 68.778 	 66.652 	 2.126 	3.1			
04/2002	 62.252 	 60.295 	 1.956 	3.1			
05/2002	 66.813 	 66.203 	 0.610 	0.9			
06/2002	 69.332 	 66.148 	 3.185 	4.6			
07/2002	 71.788 	 70.946 	 0.842 	1.2			
08/2002	 70.995 	 70.215 	 0.780 	1.1			
09/2002	 65.968 	 63.845 	 2.123 	3.2			
10/2002	 70.909 	 69.086 	 1.822 	2.6			
11/2002	 72.740 	 71.265 	 1.474 	2.0			
12/2002	 71.525 	 69.713 	 1.812 	2.5			
01/2003	 76.857 	 75.748 	 1.109 	1.4			
02/2003	 74.183 	 70.973 	 3.210 	4.3			
03/2003	 78.188 	 75.285 	 2.903 	3.7			
04/2003	 72.929 	 69.425 	 3.504 	4.8			
05/2003	 77.567 	 73.706 	 3.860 	5.0			
06/2003	 75.203 	 72.940 	 2.263 	3.0			
07/2003	 81.760 	 79.092 	 2.668 	3.3			
08/2003	 80.225 	 77.731 	 2.494 	3.1		
09/2003	 78.204 	 76.713 	 1.491 	1.9		
10/2003	 83.229 	 80.230 	 2.999 	3.6		
11/2003	 84.677 	 81.917 	 2.761 	3.3		
12/2003	 81.842 	 79.484 	 2.357 	2.9		
01/2004	 88.524 	 85.619 	 2.904 	3.3		
02/2004	 81.666 	 79.071 	 2.595 	3.2		
03/2004	 88.542 	 85.392 	 3.150 	3.6		
04/2004	 79.101 	 76.953 	 2.148 	2.7		
05/2004	 84.927 	 82.062 	 2.865 	3.4		
06/2004	 82.076 	 79.162 	 2.914 	3.6		
07/2004	 85.471 	 82.651 	 2.820 	3.3		
08/2004	 84.412 	 81.746 	 2.666 	3.2		
09/2004	 83.049 	 82.654 	 0.395 	0.5		
10/2004	 84.151 	 79.434 	 4.718 	5.6		
11/2004	 86.084 	 83.891 	 2.193 	2.5		
12/2004	 85.381 	 83.332 	 2.049 	2.4			
01/2005	 90.003 	 87.878 	 2.125 	2.4	90.003	90.003	0.0000
02/2005	 84.486 	 82.037 	 2.449 	2.9	84.486	84.486	-0.0002
03/2005	 88.944 	 86.729 	 2.214 	2.5	88.944	88.944	-0.0001
04/2005	 85.383 	 82.851 	 2.532 	3.0	85.383	85.383	0.0000
05/2005	 89.605 	 87.307 	 2.297 	2.6	89.605	89.605	0.0000
06/2005	 90.716 	 88.404 	 2.313 	2.5	90.831	90.716	0.1146
07/2005	 90.716 	 89.866 	 0.850 	0.9	92.538	90.716	1.8218
08/2005	 92.286 	 89.511 	 2.775 	3.0	92.286	92.286	0.0000
09/2005	 91.734 	 88.686 	 3.048 	3.3	91.734	91.734	0.0000
10/2005	 92.461 	 88.973 	 3.488 	3.8	92.461	92.461	0.0000
11/2005	 94.643 	 91.066 	 3.578 	3.8	94.587	94.587	0.0001
12/2005	 95.392 	 91.831 	 3.561 	3.7	95.392	95.266	0.1259
01/2006	 99.915 	 95.647 	 4.268 	4.3	99.9151	99.9151	0.0000
02/2006	 90.987 	 88.524 	 2.463 	2.7	90.9868	90.9868	0.0000
03/2006	 96.942 	 94.929 	 2.013 	2.1	96.9422	96.9424	-0.0002
04/2006	 88.261 	 85.322 	 2.939 	3.3	88.2610	88.2609	0.0000	
05/2006	 94.610 	 91.513 	 3.097 	3.3	94.6098	94.6098	0.0000	
06/2006	 96.578 	 92.987 	 3.591 	3.7	96.5784	96.5784	0.0000	
07/2006	 99.424 	 95.780 	 3.644 	3.7	99.4239	99.4240	-0.0001	
08/2006	 101.279 	 97.380 	 3.898 	3.8	101.2787	101.2787	0.0000	
09/2006	 96.408 	 93.010 	 3.398 	3.5	96.4081	96.4081	0.0000	
10/2006	 99.589 	 96.494 	 3.095 	3.1	99.5890	99.5892	-0.0002	
11/2006	 100.343 	 97.164 	 3.179 	3.2	100.3431	100.3433	-0.0002	
12/2006	 98.731 	 95.310 	 3.421 	3.5	98.7308	98.7309	-0.0001	
01/2007	 101.251 	 98.576 	 2.675 	2.6	101.251	101.251	0.0001	
02/2007	 94.165 	 91.853 	 2.312 	2.5	94.165	94.165	0.0001	
03/2007	 100.083 	 97.653 	 2.430 	2.4	100.083	100.083	-0.0001	
04/2007	 92.296 	 90.426 	 1.870 	2.0	92.296	92.296	-0.0001	
05/2007	 106.636 	 103.078 	 3.557 	3.3	106.637	106.636	0.0007	
06/2007	 106.874 	 103.794 	 3.080 	2.9	106.874	106.874	0.0006	
07/2007	 107.846 	 104.199 	 3.647 	3.4	107.847	107.846	0.0007	
08/2007	 113.530 	 109.442 	 4.088 	3.6	113.530	113.530	0.0000
09/2007	 102.322 	 99.293 	 3.029 	3.0	102.322	102.322	0.0006
10/2007	 107.443 	 103.841 	 3.602 	3.4	107.444	107.443	0.0007
11/2007	 108.591 	 104.965 	 3.626 	3.3	108.591	108.591	0.0007
12/2007	 107.394 	 104.400 	 2.994 	2.8	107.841	107.394	0.4467
01/2008	 109.542 	 105.031 	 4.511 	4.1	109.551	109.542	0.0091
02/2008	 101.229 	 101.174 	 0.055 	0.1	101.230	101.229	0.0009
03/2008	 103.421 	 102.865 	 0.556 	0.5	103.422	103.422	0.0000
04/2008	 101.673 	 101.192 	 0.481 	0.5	101.674	101.673	0.0009
05/2008	 109.429 	 107.975 	 1.454 	1.3	109.430	109.429	0.0009
06/2008	 113.810 	 110.919 	 2.891 	2.5	113.809	113.809	0.0008
07/2008	 115.766 	 114.540 	 1.226 	1.1	115.766	115.766	0.0006
08/2008	 113.468 	 111.364 	 2.104 	1.9	113.469	113.468	0.0006
09/2008	 110.446 	 107.991 	 2.455 	2.2	110.447	110.446	0.0005
10/2008	 110.143 	 111.950 	 -1.807 	-1.6	110.143	110.143	-0.0002
11/2008	 107.749 	 102.931 	 4.818 	4.5	107.748	107.748	0.0001
12/2008	 103.075 	 99.451 	 3.624 	3.5	103.076	103.074	0.0014
01/2009	 102.194 	 99.412 	 2.782 	2.7	102.194	102.194	0.0004
02/2009	 99.866 	 97.877 	 1.989 	2.0	99.866	99.865	0.0009
03/2009	 109.144 	 105.323 	 3.821 	3.5	109.142	109.143	 -0.0009 
04/2009	 100.658 	 98.564 	 2.094 	2.1	100.659	100.658	 0.0012 
05/2009	 104.054 	 100.766 	 3.288 	3.2	103.958	104.054	 -0.0956 
06/2009	 110.990 	 107.558 	 3.432 	3.1	111.144	110.991	 0.1539 
07/2009	 120.086 	 114.371 	 5.715 	4.8	120.087	120.087	 0.0005 
08/2009	 109.643 	 108.346 	 1.297 	1.2	109.643	109.643	 -0.0000 
09/2009	 109.313 	 106.941 	 2.372 	2.2	109.313	109.313	 0.0002 
10/2009	 110.682 	 109.474 	 1.208 	1.1	110.682	110.682	 -0.0000 
11/2009	 113.833 	 111.577 	 2.256 	2.0	113.833	113.833	 0.0004 
12/2009	 107.947 	 106.402 	 1.545 	1.4	107.949	107.948	 0.0011 
01/2010	 121.593 	 117.104 	 4.489 	3.7	121.683	121.683	 0.0002 
02/2010	 111.252 	 108.660 	 2.592 	2.3	111.252	111.252	 0.0000 
03/2010	 118.652 	 116.585 	 2.067 	1.7	118.652	118.651	 0.0008 
04/2010	 108.021 	 105.653 	 2.368 	2.2	108.021	108.021	 0.0008 
05/2010	 114.450 	 112.046 	 2.404 	2.1	114.449	114.449	 0.0001 
06/2010	 121.706 	 119.441 	 2.265 	1.9			 -   
07/2010	 131.230 	 126.578 	 4.652 	3.5			 -   
08/2010	 125.976 	 123.151 	 2.825 	2.2			 -   
09/2010	 115.801 	 114.655 	 1.146 	1.0			
10/2010	 113.283 	 109.665 	 3.618 	3.2			
11/2010	 112.313 	 108.660 	 3.653 	3.3			
12/2010	 118.592 	 116.423 	 2.169 	1.8			
01/2011	 121.802 	 116.941 	 4.861 	4.0			
02/2011	 109.870 	 106.916 	 2.954 	2.7			
